# cline: mcl /home/alexarancibia/Documents/Pipeline/OrthoFinder/Sequences/OrthoFinder/Results_Oct30/WorkingDirectory/OrthoFinder_graph.txt "-I" "1.5" "-o" "/home/alexarancibia/Documents/Pipeline/OrthoFinder/Sequences/OrthoFinder/Results_Oct30/WorkingDirectory/clusters_OrthoFinder_I1.5.txt" "-te" "2" "-V" "all"
(mclheader
mcltype matrix
dimensions 5900x2087
)
(mclmatrix
begin
0    1349 1503 1693 1807 1808 1810 1811 1817 3179 3197 3473 3581 3582
       3610 3627 3668 5009 5433 5565 5566 5607 5680 5765 $
1    2733 3665 3779 3799 3827 3828 3829 3835 3836 5138 5454 5457 5556
       5819 5848 5856 5857 5875 5876 $
2    769 1215 2028 2741 2878 3457 3963 5028 5087 5379 5380 $
3    3418 3424 3663 3664 3812 3830 5047 5065 5467 5468 5895 $
4    120 1067 1297 2093 2309 2377 4064 4349 4743 5886 $
5    207 894 1590 2191 2216 3754 4226 4386 4654 $
6    566 1885 1886 1888 1900 1908 1909 1922 $
7    1015 1556 2538 3068 3391 4056 4829 5197 $
8    1917 2578 2634 3298 3637 4670 5140 5821 $
9    4289 4671 4741 4784 5139 5142 5455 5554 $
10   509 1000 1360 1697 3064 4355 5207 $
11   565 695 1097 2275 2312 4357 4399 $
12   595 1142 1529 1815 1816 1845 3802 $
13   611 1086 3405 3804 3833 3946 5851 $
14   794 1825 1844 1889 1919 5397 5401 $
15   903 1254 3448 3805 3809 4993 5264 $
16   1426 1427 3540 3541 4129 5635 5636 $
17   1437 1441 2718 2947 2967 4781 4962 $
18   1539 1649 2978 3203 4553 4870 5509 $
19   1778 1779 1780 2711 2713 3855 5829 $
20   2321 2336 2632 3438 3454 3455 3578 $
21   71 1286 2001 2130 4429 5735 $
22   202 422 567 692 1099 2274 $
23   255 586 2131 2268 4107 5530 $
24   278 458 2424 3011 5274 5653 $
25   313 1255 1589 2791 2999 4992 $
26   379 2996 4925 5324 5676 5677 $
27   385 1005 2389 3110 4618 5339 $
28   466 524 2304 3602 4771 5081 $
29   510 2366 3347 3589 4606 4615 $
30   550 1192 3095 3623 5045 5568 $
31   570 1663 2949 3644 4766 5553 $
32   609 1084 2623 2977 4653 4852 $
33   610 1085 3785 3811 4592 5852 $
34   655 817 3256 3314 5346 5481 $
35   686 830 2576 2883 5341 5462 $
36   955 1436 2075 2371 4042 4420 $
37   1071 1206 3208 3434 4467 5036 $
38   1407 1851 3518 3522 5651 5656 $
39   1443 1658 2265 2493 3940 4432 $
40   1578 1707 2170 2730 4212 5721 $
41   1624 1840 3247 3285 5227 5434 $
42   1666 1736 2492 3622 4291 4908 $
43   1860 1861 2994 5772 5773 5788 $
44   190 1017 2601 4055 5742 $
45   209 1209 2648 2738 4881 $
46   247 897 899 900 2726 $
47   314 2727 3153 4160 5263 $
48   365 3335 3806 3815 5265 $
49   405 2259 4433 5896 5897 $
50   423 2872 3678 5385 5395 $
51   521 522 1121 1717 3600 $
52   663 1743 3177 5192 5683 $
53   796 1614 1830 4787 5399 $
54   819 1144 2927 3684 5063 $
55   937 2847 3576 5706 5712 $
56   1092 2655 3406 4721 5146 $
57   1168 1307 1786 4830 4980 $
58   1172 1313 1615 4978 5374 $
59   1470 1868 2438 3140 3489 $
60   1726 3360 5092 5301 5807 $
61   1887 1901 5849 5850 5855 $
62   29 1687 3521 5652 $
63   107 770 3301 4641 $
64   268 2145 3037 4121 $
65   274 1960 2149 4125 $
66   275 3506 4301 4853 $
67   332 2734 3849 5031 $
68   407 2992 5378 5499 $
69   428 2656 4306 4507 $
70   473 3549 5498 5628 $
71   523 1120 3601 5080 $
72   564 2608 3786 3926 $
73   568 2746 3128 5552 $
74   583 2270 4284 5396 $
75   596 2961 3487 5522 $
76   650 811 980 1285 $
77   788 789 1929 5126 $
78   793 795 4919 5400 $
79   797 3676 3839 5370 $
80   847 3485 3699 5325 $
81   898 901 1256 2793 $
82   1114 3408 4344 4662 $
83   1115 2645 4917 5687 $
84   1116 2646 4400 4663 $
85   1122 2650 4571 5078 $
86   1134 3078 4401 5090 $
87   1159 1161 2233 2501 $
88   1284 2819 2837 4407 $
89   1304 2915 4711 5548 $
90   1312 1382 2143 4295 $
91   1345 2355 3649 4961 $
92   1346 3470 5322 5693 $
93   1359 2364 2568 4720 $
94   1369 2142 2882 4117 $
95   1390 1853 3499 4119 $
96   1442 1653 2973 5515 $
97   1461 2367 2409 4475 $
98   1465 2177 2447 4161 $
99   1485 2916 4983 5546 $
100  1537 1671 2404 5132 $
101  1555 3791 5877 5878 $
102  1619 1831 2693 5776 $
103  1674 3603 4846 5082 $
104  1737 1746 3611 5764 $
105  1759 3115 5123 5287 $
106  1764 3297 3635 4578 $
107  1770 3410 5592 5816 $
108  1774 3643 4702 4899 $
109  1791 2757 4168 5782 $
110  1795 2871 3681 5369 $
111  1809 3346 5249 5604 $
112  1813 2283 4318 5377 $
113  1821 3458 5086 5088 $
114  1865 3160 3769 4312 $
115  1893 2879 3792 5025 $
116  3021 5711 5713 5870 $
117  4570 4845 5077 5079 $
118  6 1934 3867 $
119  8 1938 3871 $
120  9 1939 3872 $
121  10 1941 3873 $
122  12 1942 3875 $
123  14 1945 3878 $
124  15 1947 3880 $
125  16 1948 3881 $
126  17 1949 3882 $
127  18 1950 4138 $
128  19 1952 3883 $
129  20 1932 3864 $
130  21 1953 3884 $
131  22 1954 3885 $
132  23 1955 3886 $
133  24 3571 3887 $
134  25 1956 3888 $
135  26 1957 3889 $
136  27 1930 3891 $
137  28 4486 4817 $
138  31 3548 3893 $
139  32 1963 3894 $
140  33 3555 3895 $
141  34 3134 4313 $
142  35 3133 3897 $
143  36 2161 4135 $
144  37 2529 3899 $
145  38 1968 3900 $
146  39 1969 3901 $
147  40 1970 3902 $
148  41 1971 3903 $
149  42 1972 3904 $
150  43 1973 3905 $
151  44 1974 3906 $
152  45 1976 3908 $
153  46 2606 3909 $
154  47 1977 3910 $
155  48 1978 3913 $
156  49 1983 3917 $
157  50 1985 3919 $
158  51 1986 3920 $
159  52 1989 3924 $
160  53 2463 4527 $
161  54 2657 4143 $
162  55 3620 5570 $
163  56 3621 5569 $
164  57 1990 3925 $
165  58 1991 4146 $
166  59 1998 5557 $
167  60 3861 4847 $
168  61 2460 4779 $
169  62 2458 3930 $
170  63 3647 3931 $
171  64 3129 5534 $
172  65 2610 5533 $
173  66 2419 3932 $
174  67 1999 3933 $
175  68 2000 3934 $
176  69 2571 3935 $
177  70 2953 3937 $
178  72 2002 5529 $
179  73 2963 4317 $
180  74 2003 4730 $
181  75 2004 3941 $
182  76 2455 3942 $
183  77 2972 3943 $
184  78 2867 4431 $
185  79 2005 3944 $
186  80 2006 3945 $
187  81 2982 4278 $
188  82 3325 3947 $
189  83 2008 3948 $
190  84 2257 4576 $
191  85 3319 4434 $
192  86 2010 3949 $
193  87 2012 4924 $
194  88 2255 4270 $
195  89 2868 3951 $
196  90 2013 3952 $
197  91 2014 5487 $
198  92 2016 3954 $
199  93 3315 5484 $
200  94 2017 4513 $
201  95 2700 5483 $
202  96 2018 3955 $
203  97 2019 3956 $
204  98 2698 3957 $
205  99 2550 5477 $
206  100 2020 3958 $
207  101 2021 4436 $
208  102 2023 3959 $
209  103 2024 4532 $
210  104 2696 4848 $
211  105 2025 3960 $
212  106 2026 3961 $
213  108 2030 3964 $
214  109 2031 3965 $
215  110 3147 3966 $
216  111 2032 4642 $
217  112 2033 3967 $
218  113 2554 5440 $
219  114 3025 5439 $
220  115 2035 3970 $
221  116 2036 4324 $
222  117 3667 3972 $
223  118 2037 3973 $
224  119 2038 3974 $
225  121 2695 5430 $
226  122 2039 3975 $
227  123 2041 3977 $
228  124 3670 3978 $
229  125 2288 5424 $
230  126 3672 4744 $
231  127 2044 5420 $
232  128 2046 3982 $
233  129 2237 3983 $
234  130 2661 4329 $
235  131 2049 3988 $
236  132 3258 5348 $
237  133 2050 4249 $
238  134 2386 3989 $
239  135 2432 4509 $
240  136 2051 3990 $
241  137 2227 4245 $
242  138 2052 3992 $
243  139 2535 4676 $
244  140 2053 3993 $
245  141 3690 3994 $
246  142 2054 3995 $
247  143 2055 3996 $
248  145 3705 5320 $
249  146 2517 5309 $
250  147 2059 4002 $
251  148 2060 4003 $
252  149 3724 4232 $
253  150 3739 5279 $
254  151 2723 4005 $
255  152 2428 4006 $
256  153 2427 4007 $
257  154 2061 4008 $
258  155 2062 4011 $
259  156 2293 4013 $
260  157 2423 4455 $
261  158 3336 4016 $
262  159 2065 4017 $
263  160 2066 4018 $
264  161 2537 4561 $
265  162 2068 5254 $
266  165 2685 4219 $
267  166 3354 4026 $
268  167 2475 4027 $
269  168 2069 4028 $
270  169 2070 4029 $
271  170 2676 4031 $
272  171 3362 4032 $
273  172 2729 5239 $
274  173 2072 4033 $
275  174 3366 4034 $
276  175 3371 4039 $
277  176 2073 4040 $
278  177 2561 5236 $
279  178 2074 4041 $
280  179 2076 4043 $
281  180 3377 4207 $
282  181 3002 4530 $
283  182 2078 4045 $
284  183 3237 4746 $
285  184 3230 4047 $
286  185 2079 4048 $
287  186 2080 4049 $
288  187 2205 4685 $
289  188 2082 4589 $
290  189 2662 4051 $
291  191 2086 4057 $
292  192 2296 5191 $
293  193 3072 5189 $
294  194 3073 5186 $
295  195 2089 4061 $
296  196 2091 4062 $
297  197 2092 4063 $
298  198 2564 4065 $
299  199 2096 5157 $
300  200 2622 4620 $
301  201 2098 4067 $
302  203 1100 5141 $
303  204 2099 4068 $
304  205 2101 4069 $
305  206 2102 4877 $
306  208 2523 4070 $
307  210 2189 5075 $
308  211 2104 4179 $
309  212 2525 5053 $
310  213 3164 4074 $
311  214 3083 4956 $
312  215 3084 4075 $
313  216 3089 4077 $
314  217 2107 4078 $
315  218 2108 4079 $
316  219 3426 4705 $
317  220 3092 4081 $
318  221 3094 4082 $
319  222 3004 4753 $
320  223 2110 4174 $
321  224 2111 4755 $
322  225 2112 4880 $
323  226 2113 4173 $
324  227 2114 4625 $
325  228 3100 4172 $
326  229 2749 4084 $
327  230 2750 5023 $
328  231 2116 4085 $
329  232 2755 4087 $
330  233 2758 4088 $
331  234 2119 4514 $
332  235 2120 4346 $
333  236 2763 4089 $
334  237 3440 4091 $
335  238 2121 4166 $
336  239 2769 4515 $
337  240 2122 4093 $
338  241 2777 4094 $
339  242 2780 4095 $
340  243 2782 5004 $
341  244 2307 4096 $
342  245 3445 4097 $
343  246 2123 4098 $
344  248 2125 4100 $
345  249 2448 4159 $
346  250 2126 4101 $
347  251 3005 4973 $
348  252 2127 4102 $
349  253 2128 4104 $
350  254 2818 4105 $
351  256 2132 4480 $
352  257 2135 4108 $
353  258 2412 5725 $
354  259 2848 5702 $
355  260 2137 5699 $
356  261 2138 4111 $
357  262 3173 4113 $
358  263 3780 5834 $
359  265 2141 4116 $
360  266 2854 4118 $
361  267 2436 4120 $
362  269 3500 4604 $
363  270 3503 4122 $
364  271 2146 4123 $
365  272 2147 4124 $
366  273 2148 4300 $
367  276 2150 4126 $
368  277 2151 4305 $
369  279 3523 4128 $
370  280 2154 5645 $
371  281 2155 4843 $
372  282 1962 3892 $
373  283 2162 4136 $
374  284 2279 4137 $
375  285 3583 4139 $
376  286 2465 3914 $
377  287 1980 4887 $
378  288 3825 5602 $
379  289 3594 5597 $
380  290 3597 4488 $
381  291 2164 4635 $
382  292 2165 4140 $
383  293 2166 4141 $
384  294 2937 4142 $
385  295 2167 4144 $
386  296 2169 4608 $
387  297 2946 4823 $
388  298 2139 4148 $
389  299 3466 5695 $
390  300 3461 4150 $
391  301 2136 4151 $
392  302 2830 4802 $
393  303 2828 4603 $
394  304 2411 4155 $
395  305 2826 4156 $
396  306 2546 4157 $
397  307 2173 4762 $
398  308 2682 4760 $
399  309 2810 4971 $
400  310 2800 4988 $
401  311 2124 4099 $
402  312 2176 4628 $
403  315 2788 4162 $
404  316 2785 4998 $
405  317 2771 4165 $
406  318 2766 4882 $
407  319 2445 4090 $
408  320 2762 5017 $
409  321 2759 4557 $
410  322 2117 4717 $
411  323 2526 5038 $
412  324 2590 4080 $
413  325 3090 4175 $
414  326 2544 4840 $
415  327 2543 5049 $
416  328 2184 5055 $
417  329 2186 4178 $
418  330 2187 4533 $
419  331 2736 4839 $
420  333 2190 4071 $
421  334 2644 4184 $
422  335 2541 4622 $
423  336 2302 4594 $
424  337 3217 5169 $
425  338 2193 5172 $
426  339 2417 5184 $
427  340 2195 4192 $
428  341 2196 4193 $
429  342 2198 4058 $
430  343 2085 4343 $
431  344 3390 4464 $
432  345 2200 4342 $
433  346 2201 5202 $
434  347 2519 4590 $
435  348 2203 4196 $
436  349 2204 4198 $
437  350 1156 5217 $
438  351 2617 4202 $
439  352 3030 4203 $
440  353 3379 4205 $
441  354 2211 4209 $
442  355 3364 5747 $
443  356 3363 4213 $
444  357 3355 4341 $
445  358 2615 5246 $
446  360 3344 5255 $
447  361 3343 5256 $
448  362 3340 4222 $
449  363 2728 4020 $
450  364 2214 4224 $
451  366 2215 4225 $
452  367 2536 5750 $
453  368 2217 4012 $
454  369 2218 4228 $
455  370 2064 4229 $
456  371 3741 4583 $
457  372 2426 4231 $
458  373 3738 5280 $
459  374 2221 4233 $
460  375 2997 4235 $
461  376 2222 4237 $
462  377 2223 4334 $
463  380 2391 4241 $
464  381 2224 4242 $
465  382 3691 4243 $
466  383 2431 4679 $
467  384 3840 3991 $
468  386 2231 4255 $
469  387 2384 5358 $
470  388 2382 5365 $
471  389 3271 5416 $
472  390 3273 4935 $
473  391 2239 5417 $
474  392 2042 4260 $
475  393 2379 4442 $
476  394 2244 4261 $
477  395 3288 4262 $
478  396 2251 4266 $
479  397 2029 4267 $
480  398 2252 4268 $
481  400 2507 4735 $
482  401 2993 4918 $
483  402 2254 4836 $
484  403 3023 4835 $
485  404 3323 4273 $
486  406 3142 4276 $
487  408 2988 4640 $
488  409 2454 5504 $
489  410 2984 5505 $
490  411 2262 4279 $
491  412 2263 4280 $
492  413 3193 4638 $
493  414 2962 5521 $
494  415 2266 3939 $
495  416 2267 4283 $
496  417 3655 4524 $
497  418 3653 4780 $
498  419 2271 4285 $
499  420 2272 4286 $
500  421 2273 4288 $
501  424 3136 4298 $
502  425 3510 4303 $
503  426 3511 4304 $
504  427 3516 4866 $
505  429 2152 5654 $
506  430 2413 4485 $
507  431 2899 4842 $
508  432 2277 4307 $
509  433 3533 5639 $
510  434 3012 5801 $
511  435 3542 4310 $
512  436 3545 5631 $
513  437 2278 4134 $
514  438 3132 5614 $
515  439 1966 4868 $
516  440 1967 4869 $
517  441 2491 4634 $
518  442 1981 3915 $
519  443 3151 5600 $
520  444 3596 5594 $
521  445 3604 3921 $
522  446 2285 4782 $
523  447 2287 4321 $
524  448 2552 5443 $
525  449 2245 4326 $
526  450 3269 4328 $
527  451 2381 4443 $
528  452 2290 5352 $
529  453 2291 4253 $
530  454 2229 4247 $
531  455 3695 5328 $
532  456 3720 5310 $
533  457 3740 5277 $
534  460 2209 4339 $
535  461 2467 5210 $
536  462 2585 4687 $
537  463 3204 5153 $
538  464 2301 4652 $
539  467 2756 4476 $
540  468 2863 5003 $
541  469 2440 4807 $
542  470 3547 4351 $
543  471 2158 5630 $
544  472 2597 5629 $
545  474 2684 4352 $
546  475 2160 4133 $
547  476 3550 5626 $
548  477 3551 4633 $
549  478 3154 5624 $
550  479 3822 5861 $
551  480 1964 5889 $
552  481 3157 5623 $
553  482 3553 5622 $
554  483 3554 5621 $
555  484 3556 4353 $
556  485 3557 5620 $
557  486 3558 5619 $
558  487 3559 5618 $
559  488 2605 4605 $
560  489 3560 5617 $
561  490 3562 3896 $
562  491 3563 4727 $
563  492 1965 4354 $
564  493 3017 4728 $
565  494 2717 5616 $
566  495 3565 5615 $
567  496 3567 5611 $
568  497 3568 5800 $
569  498 3570 3898 $
570  499 1951 4421 $
571  500 1975 3907 $
572  501 3573 5609 $
573  502 3574 5608 $
574  503 3575 3912 $
575  504 2310 4422 $
576  505 3585 5606 $
577  506 3586 5799 $
578  507 1979 4765 $
579  511 3591 4356 $
580  512 2163 4568 $
581  513 3196 5601 $
582  514 2464 4607 $
583  515 1792 5599 $
584  516 2933 5598 $
585  517 1982 3916 $
586  518 2934 5596 $
587  519 3595 5595 $
588  520 3598 4929 $
589  525 3605 5591 $
590  530 2935 4824 $
591  531 3609 4692 $
592  532 3826 5590 $
593  533 1987 3922 $
594  534 2936 5589 $
595  535 1988 3923 $
596  536 2938 5587 $
597  537 2939 5586 $
598  538 2940 5585 $
599  539 2941 4572 $
600  540 2942 5580 $
601  541 2943 5579 $
602  542 2944 5578 $
603  543 2945 5577 $
604  544 3612 4778 $
605  545 2168 5575 $
606  546 3130 4145 $
607  547 2505 4315 $
608  548 3619 5571 $
609  549 2607 4316 $
610  551 3624 5567 $
611  552 3629 5762 $
612  553 3630 4636 $
613  554 1994 5564 $
614  555 3631 4928 $
615  556 3632 5563 $
616  557 2530 5562 $
617  558 3019 5257 $
618  559 2461 5561 $
619  560 2948 4290 $
620  561 3634 5559 $
621  562 3144 5558 $
622  563 2311 5820 $
623  569 3638 4693 $
624  571 2459 5538 $
625  572 3645 5537 $
626  573 2951 5536 $
627  574 2952 5535 $
628  575 3646 4426 $
629  576 3648 4358 $
630  577 2457 4359 $
631  578 3187 4637 $
632  579 3651 4287 $
633  580 2313 4822 $
634  581 3652 5531 $
635  582 2282 4360 $
636  584 3654 3936 $
637  585 2269 4428 $
638  587 2314 5528 $
639  588 3656 3938 $
640  589 2954 4361 $
641  590 2572 5525 $
642  591 2956 5524 $
643  592 2957 4362 $
644  593 2958 4574 $
645  594 3657 4430 $
646  597 2964 5520 $
647  598 2611 4834 $
648  599 2966 4767 $
649  600 2264 4281 $
650  601 2531 5519 $
651  602 2968 4900 $
652  603 2970 5518 $
653  604 2971 5517 $
654  605 2974 5514 $
655  607 2315 5512 $
656  608 2975 5511 $
657  612 2979 4871 $
658  613 2980 4872 $
659  614 3659 5508 $
660  615 2985 5503 $
661  616 2989 5500 $
662  617 2990 4930 $
663  618 2991 4931 $
664  619 2261 4277 $
665  620 2452 5496 $
666  621 3328 4731 $
667  622 2673 4363 $
668  623 3660 5494 $
669  624 3327 4275 $
670  625 2316 4274 $
671  626 2317 4364 $
672  627 2659 5493 $
673  628 2494 4554 $
674  629 3322 4319 $
675  630 2007 4365 $
676  631 2258 4732 $
677  632 3320 4366 $
678  633 3124 4733 $
679  634 2009 4272 $
680  635 2660 5492 $
681  636 2318 4932 $
682  637 2011 5491 $
683  638 3661 5490 $
684  639 3104 4564 $
685  640 3139 4435 $
686  641 2319 4734 $
687  642 2320 4521 $
688  643 3150 5489 $
689  644 2286 5488 $
690  645 2612 4367 $
691  646 2703 4320 $
692  648 2015 3953 $
693  649 3318 5486 $
694  651 3317 4562 $
695  652 3316 4828 $
696  653 2701 5485 $
697  654 2699 5482 $
698  656 2573 4368 $
699  657 2893 5480 $
700  658 3313 5479 $
701  659 3834 5843 $
702  660 2549 5478 $
703  661 2508 5476 $
704  662 3312 5474 $
705  664 3155 5473 $
706  665 3311 5472 $
707  666 2022 5471 $
708  669 3146 5470 $
709  670 3309 5469 $
710  671 3662 4820 $
711  672 2374 4437 $
712  673 3307 4736 $
713  674 3306 4737 $
714  675 3305 4738 $
715  676 2509 4369 $
716  677 3304 4610 $
717  678 2697 5466 $
718  679 2322 4370 $
719  680 3303 5465 $
720  681 2574 4739 $
721  682 2599 5464 $
722  683 2414 4490 $
723  684 2027 3962 $
724  685 3332 4783 $
725  687 3024 4371 $
726  688 2250 5459 $
727  689 2577 5458 $
728  693 5453 5456 $
729  702 2323 4372 $
730  703 3149 5442 $
731  704 3296 4873 $
732  705 2674 4785 $
733  706 3295 4874 $
734  707 2324 4373 $
735  708 2553 4322 $
736  709 2325 5441 $
737  710 3293 4819 $
738  711 2326 3968 $
739  712 2327 5438 $
740  713 3292 4374 $
741  714 2249 4323 $
742  715 2579 5437 $
743  716 2034 3969 $
744  717 3253 3971 $
745  718 3291 5436 $
746  719 3290 4325 $
747  720 3289 4742 $
748  721 2246 4263 $
749  722 2328 4375 $
750  723 3666 4837 $
751  724 3287 5435 $
752  725 3286 4611 $
753  726 3284 5432 $
754  727 2555 4690 $
755  728 2556 5431 $
756  729 3283 4376 $
757  730 3282 4510 $
758  731 3281 4695 $
759  732 2040 3976 $
760  733 3856 5428 $
761  734 2329 4259 $
762  735 3278 5423 $
763  736 3148 5422 $
764  737 2242 5421 $
765  738 2241 4838 $
766  739 3275 4580 $
767  740 2043 4672 $
768  741 3671 4673 $
769  742 3331 5758 $
770  743 2694 4492 $
771  744 2240 4612 $
772  745 2580 5419 $
773  746 3274 5418 $
774  747 2894 3980 $
775  748 2330 4505 $
776  749 2238 3981 $
777  750 2045 5415 $
778  751 3673 5414 $
779  752 3188 5413 $
780  753 3189 5412 $
781  754 2047 3984 $
782  755 3270 5411 $
783  756 2331 5410 $
784  757 2692 5409 $
785  758 2691 5408 $
786  759 2289 4327 $
787  760 2690 5406 $
788  761 2332 4377 $
789  762 3674 5405 $
790  763 3268 5404 $
791  764 2048 4923 $
792  765 2333 4378 $
793  766 3267 5403 $
794  767 2512 5402 $
795  768 3675 3985 $
796  792 2870 4380 $
797  798 2689 4381 $
798  799 3265 5367 $
799  800 2334 5366 $
800  801 2335 3986 $
801  802 2236 5364 $
802  803 2235 5363 $
803  804 3263 5361 $
804  805 3261 5359 $
805  806 3260 5356 $
806  807 2675 5355 $
807  808 2721 4330 $
808  809 3259 5353 $
809  810 2230 4254 $
810  812 3682 5351 $
811  813 2292 4331 $
812  814 3026 5350 $
813  815 2582 5349 $
814  816 3257 5347 $
815  818 3683 5345 $
816  820 2337 4252 $
817  821 3685 4382 $
818  822 2385 4251 $
819  823 2688 4250 $
820  824 2513 4248 $
821  825 2534 5344 $
822  826 2687 4696 $
823  827 3329 5809 $
824  828 3255 5343 $
825  829 2338 4444 $
826  831 2388 4446 $
827  832 2995 4383 $
828  833 3032 5338 $
829  834 3686 5336 $
830  835 2515 5334 $
831  836 2560 5333 $
832  837 3102 5754 $
833  838 3687 5332 $
834  839 2225 4332 $
835  840 2390 4449 $
836  841 2056 4244 $
837  842 3692 5330 $
838  843 3693 4384 $
839  844 3694 5329 $
840  845 3696 4581 $
841  846 3697 5327 $
842  849 3701 5321 $
843  850 3781 4451 $
844  851 3702 4333 $
845  852 3704 4238 $
846  853 3706 5319 $
847  854 3851 5891 $
848  855 3709 5316 $
849  856 2613 3998 $
850  857 3710 4452 $
851  858 2429 3999 $
852  859 3758 5753 $
853  860 3711 4818 $
854  861 3141 5315 $
855  862 3712 4335 $
856  863 3714 4582 $
857  864 3715 5314 $
858  865 2057 4336 $
859  866 2339 4000 $
860  867 3717 5312 $
861  868 3718 5311 $
862  869 3719 4234 $
863  870 2058 4001 $
864  871 3721 5307 $
865  872 2392 5306 $
866  873 3722 4337 $
867  874 3127 5305 $
868  875 2220 4004 $
869  876 3723 4915 $
870  877 3725 5304 $
871  879 2600 4791 $
872  880 3742 4584 $
873  881 3745 5276 $
874  882 3746 4010 $
875  883 2340 4614 $
876  884 2219 4230 $
877  885 2063 5275 $
878  886 3747 4793 $
879  887 3748 5273 $
880  888 2724 5272 $
881  889 3750 5270 $
882  890 3751 5269 $
883  891 3752 5268 $
884  892 3753 4816 $
885  893 2895 4227 $
886  895 3334 5267 $
887  896 2725 5266 $
888  904 2923 5262 $
889  905 2485 4014 $
890  906 2341 4015 $
891  907 2342 4019 $
892  908 3337 4223 $
893  909 3857 4585 $
894  910 3338 5260 $
895  911 2583 4916 $
896  912 2067 4021 $
897  913 3342 5258 $
898  914 3847 4680 $
899  915 2686 4022 $
900  916 3345 5253 $
901  920 3348 4220 $
902  921 3350 4616 $
903  922 3351 4646 $
904  923 3353 5245 $
905  924 3135 4586 $
906  925 3356 4849 $
907  926 3357 5244 $
908  927 3761 5748 $
909  928 3358 5243 $
910  929 2394 4217 $
911  930 2395 4030 $
912  932 3359 4214 $
913  935 1891 1892 $
914  940 2071 5241 $
915  941 2472 5240 $
916  942 3365 4387 $
917  943 2731 5238 $
918  944 3165 4035 $
919  945 3367 5237 $
920  946 3368 4458 $
921  947 3369 4036 $
922  948 3370 4037 $
923  949 2343 4038 $
924  951 3374 5235 $
925  952 2213 4210 $
926  953 3248 4459 $
927  954 2212 4388 $
928  956 3376 5234 $
929  957 3000 4682 $
930  958 2210 5233 $
931  959 3378 5232 $
932  960 2077 4206 $
933  961 3381 4044 $
934  962 2677 4795 $
935  963 2616 4204 $
936  964 3764 5745 $
937  965 3382 5231 $
938  966 3383 4698 $
939  967 3384 5229 $
940  968 3001 5228 $
941  969 3246 5226 $
942  970 2470 4587 $
943  971 3244 4797 $
944  972 3242 5224 $
945  973 3166 5223 $
946  974 3241 4046 $
947  975 3240 5222 $
948  976 3238 4460 $
949  977 3236 5221 $
950  978 3234 5219 $
951  979 3233 4389 $
952  984 3385 4617 $
953  985 2344 5216 $
954  986 3231 4921 $
955  987 2468 5215 $
956  988 3386 4588 $
957  989 3016 4201 $
958  990 2924 5214 $
959  992 2207 4391 $
960  993 3228 4392 $
961  994 3131 4050 $
962  995 2206 4199 $
963  996 3003 4686 $
964  997 3388 5209 $
965  998 2081 4197 $
966  999 3389 5208 $
967  1001 2562 4647 $
968  1002 3859 4052 $
969  1003 3226 5206 $
970  1004 2400 4462 $
971  1006 3225 4902 $
972  1007 2345 5204 $
973  1008 3224 4850 $
974  1009 3065 5203 $
975  1010 2084 5201 $
976  1011 2520 4053 $
977  1012 3066 5200 $
978  1013 2346 5199 $
979  1014 3067 4054 $
980  1016 3069 4954 $
981  1018 3167 4851 $
982  1019 3070 4691 $
983  1020 2199 4195 $
984  1021 3392 4903 $
985  1022 3393 5196 $
986  1023 3168 4699 $
987  1024 3223 5195 $
988  1025 2347 4393 $
989  1026 3169 5193 $
990  1027 2088 4060 $
991  1028 2295 4876 $
992  1029 2670 5190 $
993  1030 3071 4955 $
994  1031 3394 4394 $
995  1032 2663 5188 $
996  1033 2897 5187 $
997  1034 3171 5185 $
998  1035 2584 4538 $
999  1036 3074 5183 $
1000 1038 2521 4649 $
1001 1039 2194 4191 $
1002 1040 3075 4395 $
1003 1041 2885 4619 $
1004 1042 3076 4813 $
1005 1043 2297 4812 $
1006 1044 3396 5182 $
1007 1045 3397 5181 $
1008 1046 2478 5180 $
1009 1047 3221 5179 $
1010 1048 2732 5177 $
1011 1049 2522 4591 $
1012 1050 2925 4651 $
1013 1051 3220 5175 $
1014 1052 3219 4904 $
1015 1053 3018 4190 $
1016 1054 2298 5174 $
1017 1055 3218 5173 $
1018 1056 2586 4396 $
1019 1057 2403 4189 $
1020 1058 2090 4188 $
1021 1059 2898 4536 $
1022 1060 3216 5167 $
1023 1061 3215 5166 $
1024 1062 3214 5165 $
1025 1063 3213 4700 $
1026 1064 3211 5163 $
1027 1065 3401 5161 $
1028 1066 2618 5160 $
1029 1068 3402 4810 $
1030 1069 2095 4809 $
1031 1070 2192 4187 $
1032 1072 3404 5159 $
1033 1073 2679 4768 $
1034 1074 3206 4186 $
1035 1075 3205 5158 $
1036 1076 2097 4066 $
1037 1077 2299 5155 $
1038 1078 2602 5154 $
1039 1079 2300 4397 $
1040 1080 2603 5152 $
1041 1081 2604 5151 $
1042 1082 2348 4398 $
1043 1083 2349 5150 $
1044 1087 2624 5149 $
1045 1088 2625 5148 $
1046 1089 2626 4185 $
1047 1090 2627 4748 $
1048 1091 2628 5147 $
1049 1093 3202 4593 $
1050 1094 2629 5145 $
1051 1095 2630 5144 $
1052 1096 2631 4769 $
1053 1102 2637 5784 $
1054 1103 2638 5135 $
1055 1104 3201 4595 $
1056 1105 2639 5134 $
1057 1106 2640 4621 $
1058 1107 2103 4878 $
1059 1108 3200 5133 $
1060 1109 2641 5131 $
1061 1110 2642 5130 $
1062 1111 3407 5129 $
1063 1112 2405 4469 $
1064 1113 2503 4770 $
1065 1117 3409 5127 $
1066 1118 2647 4183 $
1067 1123 2651 5076 $
1068 1124 2406 4772 $
1069 1125 2350 4182 $
1070 1126 2735 4181 $
1071 1127 2653 4750 $
1072 1128 3411 5074 $
1073 1129 3412 5073 $
1074 1130 3077 5072 $
1075 1131 2588 5071 $
1076 1132 2477 4534 $
1077 1133 2705 4879 $
1078 1135 3414 5898 $
1079 1136 2886 4180 $
1080 1137 2671 4773 $
1081 1138 3029 5069 $
1082 1140 2351 5067 $
1083 1141 3417 5066 $
1084 1143 2589 5064 $
1085 1145 3420 5062 $
1086 1146 2928 5061 $
1087 1147 2407 5060 $
1088 1148 2185 4470 $
1089 1149 2929 4345 $
1090 1150 2664 4471 $
1091 1151 2415 4491 $
1092 1158 1486 4712 $
1093 1164 2845 4496 $
1094 1166 1306 4981 $
1095 1174 3421 5057 $
1096 1175 2106 5056 $
1097 1176 3422 5054 $
1098 1177 3086 5051 $
1099 1178 3087 5050 $
1100 1179 2183 4076 $
1101 1180 2182 4511 $
1102 1181 3088 4472 $
1103 1182 2542 4473 $
1104 1183 2545 5048 $
1105 1184 3423 5780 $
1106 1185 2181 4176 $
1107 1186 3425 5046 $
1108 1187 3103 5737 $
1109 1188 3427 4474 $
1110 1189 3091 4623 $
1111 1190 3093 4624 $
1112 1191 2305 4402 $
1113 1193 2352 4751 $
1114 1194 3096 4752 $
1115 1195 2109 4754 $
1116 1196 3097 4920 $
1117 1197 3098 5044 $
1118 1198 2408 4965 $
1119 1199 3101 5043 $
1120 1200 3428 5042 $
1121 1201 3429 4774 $
1122 1202 3430 5041 $
1123 1203 2930 5040 $
1124 1204 3137 5039 $
1125 1205 3433 5037 $
1126 1207 3435 5035 $
1127 1208 2435 5034 $
1128 1210 3813 5872 $
1129 1212 2858 4657 $
1130 1213 2740 5030 $
1131 1214 2739 4756 $
1132 1216 2115 5026 $
1133 1217 2743 4855 $
1134 1218 2748 5024 $
1135 1219 2306 4171 $
1136 1220 2751 5022 $
1137 1221 2752 4170 $
1138 1222 2753 4169 $
1139 1223 2118 4086 $
1140 1224 2760 5019 $
1141 1225 3439 5018 $
1142 1226 2765 5016 $
1143 1227 2767 4167 $
1144 1228 2768 4092 $
1145 1229 2770 5015 $
1146 1230 2862 4856 $
1147 1231 3443 4477 $
1148 1232 2772 4857 $
1149 1233 2773 4627 $
1150 1234 2774 5013 $
1151 1235 2680 4600 $
1152 1236 2775 5010 $
1153 1237 2776 4403 $
1154 1238 2778 4660 $
1155 1239 2179 5008 $
1156 1240 2779 5007 $
1157 1241 2781 5005 $
1158 1242 2783 4478 $
1159 1243 2681 4516 $
1160 1244 2446 4957 $
1161 1245 2592 5002 $
1162 1246 3446 5001 $
1163 1247 3447 5000 $
1164 1248 2784 4999 $
1165 1249 2787 4996 $
1166 1250 2672 4995 $
1167 1251 2353 4404 $
1168 1253 2789 4560 $
1169 1257 2795 4991 $
1170 1258 2410 4757 $
1171 1259 2796 4990 $
1172 1260 2797 4601 $
1173 1261 2799 4989 $
1174 1262 2801 5736 $
1175 1263 2802 4977 $
1176 1264 2864 4976 $
1177 1265 2803 4859 $
1178 1266 2804 4758 $
1179 1267 2806 4975 $
1180 1268 2807 4518 $
1181 1269 2308 4974 $
1182 1270 2808 4972 $
1183 1271 2809 4841 $
1184 1272 2811 4103 $
1185 1273 2566 4405 $
1186 1274 2813 4970 $
1187 1275 2175 4158 $
1188 1276 2815 4905 $
1189 1277 2816 4968 $
1190 1278 2817 4406 $
1191 1279 3451 4661 $
1192 1280 2865 4967 $
1193 1281 2174 4761 $
1194 1282 2129 4106 $
1195 1283 2683 4629 $
1196 1287 2567 4602 $
1197 1288 2820 5734 $
1198 1289 3172 4630 $
1199 1290 2821 4479 $
1200 1291 2822 5733 $
1201 1292 3452 5729 $
1202 1293 2133 4566 $
1203 1294 2172 5728 $
1204 1295 3453 5727 $
1205 1296 2134 5726 $
1206 1298 2827 4775 $
1207 1299 2918 5543 $
1208 1300 2917 5544 $
1209 1309 1523 4714 $
1210 1311 3640 5545 $
1211 1315 2354 4408 $
1212 1316 2829 4801 $
1213 1317 2831 5724 $
1214 1318 2833 4777 $
1215 1319 2834 5723 $
1216 1320 2835 4154 $
1217 1321 2836 4153 $
1218 1322 2838 5722 $
1219 1323 2839 5720 $
1220 1324 2666 4409 $
1221 1325 2667 5719 $
1222 1326 2840 4110 $
1223 1327 2841 5718 $
1224 1328 2442 5717 $
1225 1329 2441 5716 $
1226 1334 2360 4152 $
1227 1335 2849 5701 $
1228 1336 2439 5697 $
1229 1337 2852 4864 $
1230 1338 3462 5696 $
1231 1339 3464 4906 $
1232 1340 3465 4414 $
1233 1341 3467 4410 $
1234 1342 2548 5694 $
1235 1343 3468 4149 $
1236 1344 2853 4415 $
1237 1347 3471 5692 $
1238 1348 3472 5691 $
1239 1350 2594 4112 $
1240 1351 3476 4416 $
1241 1353 3479 4665 $
1242 1354 3480 4718 $
1243 1355 3174 5685 $
1244 1356 2140 4114 $
1245 1357 3175 5684 $
1246 1358 2654 4719 $
1247 1361 3031 4764 $
1248 1362 2569 5679 $
1249 1363 2668 4803 $
1250 1364 2887 4723 $
1251 1365 3180 5678 $
1252 1366 3181 4482 $
1253 1367 2356 4115 $
1254 1368 3182 4883 $
1255 1370 2527 4483 $
1256 1371 3484 4666 $
1257 1372 3488 5673 $
1258 1373 3490 5867 $
1259 1374 3491 5674 $
1260 1375 3492 4558 $
1261 1376 2437 4725 $
1262 1377 2357 4804 $
1263 1378 3493 5672 $
1264 1379 2276 4293 $
1265 1380 3494 4512 $
1266 1381 3121 5671 $
1267 1384 3496 4411 $
1268 1385 2144 4296 $
1269 1386 3819 5670 $
1270 1387 3497 4958 $
1271 1388 2595 5669 $
1272 1389 3498 4297 $
1273 1391 2855 5668 $
1274 1392 2596 4412 $
1275 1393 3501 5667 $
1276 1394 3502 5666 $
1277 1395 3504 4724 $
1278 1396 3006 4302 $
1279 1397 3008 5664 $
1280 1398 2358 5662 $
1281 1399 3508 5661 $
1282 1400 3509 5660 $
1283 1401 3009 4127 $
1284 1402 3512 4805 $
1285 1403 3515 5658 $
1286 1404 3517 5657 $
1287 1405 3010 4907 $
1288 1406 3520 5655 $
1289 1408 3525 5650 $
1290 1409 2444 5649 $
1291 1410 3526 5648 $
1292 1411 3162 4418 $
1293 1412 3528 4867 $
1294 1413 3530 5643 $
1295 1414 2669 5802 $
1296 1415 3531 5642 $
1297 1416 2156 4413 $
1298 1417 3532 5641 $
1299 1418 2443 5640 $
1300 1419 3534 5638 $
1301 1420 3535 4308 $
1302 1421 3536 4309 $
1303 1422 2359 4806 $
1304 1423 3537 4808 $
1305 1424 3538 5637 $
1306 1425 3539 4885 $
1307 1428 2157 4130 $
1308 1429 2856 4844 $
1309 1430 3543 5633 $
1310 1431 3544 5632 $
1311 1432 3546 4131 $
1312 1433 2888 4311 $
1313 1434 2369 4299 $
1314 1439 2609 4427 $
1315 1440 2959 4282 $
1316 1444 3853 5892 $
1317 1445 3308 4438 $
1318 1446 2375 4440 $
1319 1447 2376 4441 $
1320 1448 2922 4933 $
1321 1449 3280 5426 $
1322 1450 3109 5357 $
1323 1451 2387 4445 $
1324 1452 2884 5340 $
1325 1453 2226 4448 $
1326 1455 3788 5883 $
1327 1456 2393 4454 $
1328 1459 3361 5242 $
1329 1460 2539 5194 $
1330 1462 2449 4559 $
1331 1463 3495 4294 $
1332 1464 2416 4493 $
1333 1466 3727 4508 $
1334 1467 2559 4645 $
1335 1468 3276 3979 $
1336 1469 2378 4694 $
1337 1471 2450 4520 $
1338 1472 2284 3950 $
1339 1473 2469 4528 $
1340 1474 2476 4177 $
1341 1475 2636 5137 $
1342 1476 2479 4537 $
1343 1478 1984 3918 $
1344 1479 3126 5812 $
1345 1480 2228 4675 $
1346 1481 2832 4776 $
1347 1482 2171 4350 $
1348 1483 2932 5547 $
1349 1488 4986 5550 $
1350 1490 2824 5731 $
1351 1491 2823 5732 $
1352 1492 2451 4763 $
1353 1493 2814 4969 $
1354 1494 2812 4540 $
1355 1495 3449 5778 $
1356 1496 2805 4759 $
1357 1497 2798 4517 $
1358 1498 2794 4858 $
1359 1499 2790 4994 $
1360 1500 2786 4997 $
1361 1501 2178 4163 $
1362 1502 3444 4164 $
1363 1504 3858 5012 $
1364 1505 3442 4659 $
1365 1506 2764 4959 $
1366 1507 3441 4658 $
1367 1508 2180 4541 $
1368 1509 2761 4599 $
1369 1510 2754 5021 $
1370 1511 2745 4656 $
1371 1512 2744 4542 $
1372 1513 2742 5027 $
1373 1514 3778 5029 $
1374 1515 2591 4854 $
1375 1516 3793 5032 $
1376 1517 2737 5033 $
1377 1518 3436 5779 $
1378 1519 3431 4706 $
1379 1520 3099 4626 $
1380 1521 3085 5052 $
1381 1526 1531 3081 $
1382 1530 2105 4072 $
1383 1532 3080 4543 $
1384 1533 3415 5068 $
1385 1534 3079 5070 $
1386 1535 2188 4597 $
1387 1536 2643 5128 $
1388 1538 2100 4596 $
1389 1540 2620 4535 $
1390 1541 2565 4747 $
1391 1543 2540 5740 $
1392 1544 3403 5741 $
1393 1545 3210 5162 $
1394 1546 3212 5164 $
1395 1547 2587 5168 $
1396 1548 3400 5170 $
1397 1549 3398 5178 $
1398 1550 3249 5785 $
1399 1551 3222 4814 $
1400 1552 3395 4650 $
1401 1554 2197 4194 $
1402 1557 2083 5205 $
1403 1558 3773 5880 $
1404 1559 2466 5743 $
1405 1560 2399 4556 $
1406 1561 3227 5211 $
1407 1562 3229 4545 $
1408 1563 2484 4200 $
1409 1564 3235 5220 $
1410 1565 2208 4461 $
1411 1566 3239 5744 $
1412 1567 3243 5225 $
1413 1568 3028 4529 $
1414 1569 3245 4796 $
1415 1570 3380 4794 $
1416 1571 2518 4208 $
1417 1572 2398 4681 $
1418 1573 3375 4211 $
1419 1574 3373 5789 $
1420 1575 2294 4340 $
1421 1576 3763 5746 $
1422 1577 2397 4457 $
1423 1579 3762 5806 $
1424 1580 2881 5382 $
1425 1581 2880 5383 $
1426 1582 1744 5756 $
1427 1583 2473 4456 $
1428 1584 3352 5749 $
1429 1585 2614 5247 $
1430 1586 2500 4546 $
1431 1587 3341 5769 $
1432 1588 3125 5261 $
1433 1591 3743 5751 $
1434 1592 2998 4792 $
1435 1593 2425 4009 $
1436 1594 3152 5278 $
1437 1595 3726 5303 $
1438 1596 3716 5313 $
1439 1597 2516 4453 $
1440 1598 3708 5317 $
1441 1599 3689 4678 $
1442 1600 3688 4677 $
1443 1601 2514 5335 $
1444 1602 3787 5885 $
1445 1603 3254 5342 $
1446 1604 2234 4256 $
1447 1605 3262 5360 $
1448 1606 3264 4827 $
1449 1607 2558 5362 $
1450 1608 2486 4547 $
1451 1609 2533 5368 $
1452 1616 3266 4786 $
1453 1617 2720 4643 $
1454 1618 2532 5407 $
1455 1620 2380 5767 $
1456 1621 3272 4674 $
1457 1622 2243 4934 $
1458 1623 2496 5792 $
1459 1625 2247 4264 $
1460 1626 2248 4555 $
1461 1627 3294 4265 $
1462 1628 2551 5444 $
1463 1630 3299 5460 $
1464 1631 3300 5461 $
1465 1632 2575 5463 $
1466 1633 3302 4439 $
1467 1634 3310 5759 $
1468 1635 3156 4821 $
1469 1636 2495 5475 $
1470 1637 2253 4269 $
1471 1638 2487 5795 $
1472 1639 2702 5796 $
1473 1640 2256 4271 $
1474 1641 3321 4548 $
1475 1642 3324 4522 $
1476 1643 3119 5497 $
1477 1644 2453 4639 $
1478 1645 2987 5501 $
1479 1646 2986 5502 $
1480 1647 2983 5506 $
1481 1648 2981 5507 $
1482 1650 2976 5510 $
1483 1651 2921 4609 $
1484 1652 2488 5513 $
1485 1654 3194 5813 $
1486 1655 2969 4901 $
1487 1656 3015 5760 $
1488 1657 2456 4833 $
1489 1659 2965 4523 $
1490 1660 2960 5523 $
1491 1661 2955 5526 $
1492 1662 3022 5532 $
1493 1664 3633 4525 $
1494 1665 3756 5560 $
1495 1667 3625 4147 $
1496 1668 3618 5763 $
1497 1669 3615 5574 $
1498 1670 3614 5858 $
1499 1675 3599 4569 $
1500 1676 3590 5603 $
1501 1678 3587 5605 $
1502 1679 3579 4567 $
1503 1680 3572 3911 $
1504 1681 3564 4729 $
1505 1682 3561 4726 $
1506 1683 3552 5625 $
1507 1684 2159 4132 $
1508 1685 2931 4884 $
1509 1686 3529 5644 $
1510 1688 3767 5663 $
1511 1689 3507 4632 $
1512 1690 3505 4484 $
1513 1691 3818 4292 $
1514 1692 3483 4417 $
1515 1694 3772 3775 $
1516 1695 3122 5682 $
1517 1696 3176 4481 $
1518 1698 3478 4664 $
1519 1699 3477 5688 $
1520 1700 3474 5690 $
1521 1701 3469 4865 $
1522 1702 3766 5766 $
1523 1703 2851 5698 $
1524 1704 2850 5700 $
1525 1706 1754 5106 $
1526 1708 3765 4348 $
1527 1709 2593 4519 $
1528 1710 2665 5006 $
1529 1711 3432 4910 $
1530 1712 2433 4550 $
1531 1713 2926 5738 $
1532 1714 3082 4655 $
1533 1716 2489 4598 $
1534 1718 2502 4815 $
1535 1719 2857 5176 $
1536 1720 3250 4909 $
1537 1721 3251 5805 $
1538 1722 3252 4683 $
1539 1723 3027 4551 $
1540 1727 3759 5790 $
1541 1728 2430 5331 $
1542 1729 2497 5354 $
1543 1730 2890 4552 $
1544 1731 3163 5810 $
1545 1732 3808 5427 $
1546 1733 2482 5793 $
1547 1734 3628 4526 $
1548 1735 2462 4668 $
1549 1738 3014 5627 $
1550 1739 3584 4423 $
1551 1740 3755 5770 $
1552 1753 5105 5125 $
1553 1760 3698 5326 $
1554 1761 2499 4468 $
1555 1762 2506 4577 $
1556 1763 3192 5797 $
1557 1766 3588 5798 $
1558 1767 3841 5884 $
1559 1768 2202 4463 $
1560 1769 2563 4648 $
1561 1772 3330 5811 $
1562 1773 2706 4798 $
1563 1775 3801 4825 $
1564 1776 2710 4466 $
1565 1777 2712 4495 $
1566 1781 3617 5572 $
1567 1783 3749 5271 $
1568 1788 3524 5865 $
1569 1789 3020 4875 $
1570 1790 2869 4258 $
1571 1793 3277 5774 $
1572 1796 3703 4494 $
1573 1801 3387 5212 $
1574 1802 3339 5259 $
1575 1804 3178 5681 $
1576 1812 3832 5516 $
1577 1814 2260 5495 $
1578 1818 3669 5429 $
1579 1819 3279 5425 $
1580 1820 2511 4579 $
1581 1834 3700 5323 $
1582 1835 3713 4236 $
1583 1836 3843 5308 $
1584 1837 3349 5248 $
1585 1838 2474 4218 $
1586 1839 2471 4531 $
1587 1841 2483 4544 $
1588 1842 3209 4811 $
1589 1843 2619 5156 $
1590 1846 2434 5823 $
1591 1848 2825 5730 $
1592 1849 3481 5686 $
1593 1850 3007 5665 $
1594 1852 2861 5020 $
1595 1856 3195 5581 $
1596 1857 2401 5786 $
1597 1858 3707 5318 $
1598 1862 3760 5808 $
1599 1863 5822 5827 $
1600 1864 3190 4745 $
1601 1866 3463 5804 $
1602 1867 3450 5775 $
1603 1870 3158 5777 $
1604 1871 2621 5818 $
1605 1873 3191 5814 $
1606 1874 3796 5869 $
1607 1876 3777 5844 $
1608 1877 3842 5771 $
1609 1878 3658 5853 $
1610 1879 2896 4216 $
1611 1884 3774 5828 $
1612 1894 2860 5824 $
1613 1895 3814 5871 $
1614 1896 3817 5868 $
1615 1897 3519 5841 $
1616 1898 3820 5863 $
1617 1899 3821 5862 $
1618 1902 3807 5854 $
1619 1903 3797 5838 $
1620 1906 3782 5835 $
1621 1907 3795 5839 $
1622 1910 3837 5837 $
1623 1911 3771 5847 $
1624 1914 2581 3987 $
1625 1915 3862 5752 $
1626 1916 3824 5888 $
1627 1918 2652 4701 $
1628 1920 3770 5890 $
1629 1921 3800 4347 $
1630 1923 3776 5830 $
1631 1924 3460 5710 $
1632 1927 2094 5768 $
1633 1928 3852 4684 $
1634 1936 3870 4704 $
1635 2480 4539 5083 $
1636 2557 4644 4749 $
1637 2678 4707 5213 $
1638 2913 4985 5549 $
1639 3048 4447 4939 $
1640 3049 4940 5337 $
1641 4922 5136 5593 $
1642 0 5096 $
1643 2 3865 $
1644 3 5094 $
1645 4 5110 $
1646 5 4715 $
1647 7 938 $
1648 144 3997 $
1649 163 4023 $
1650 164 4697 $
1651 359 5252 $
1652 378 4239 $
1653 459 4338 $
1654 465 2303 $
1655 508 5859 $
1656 526 3606 $
1657 527 3607 $
1658 528 2281 $
1659 529 2704 $
1660 606 4575 $
1661 691 1101 $
1662 694 1098 $
1663 696 5450 $
1664 697 5449 $
1665 698 5448 $
1666 699 5447 $
1667 700 5446 $
1668 701 5445 $
1669 772 5098 $
1670 773 5101 $
1671 774 5104 $
1672 775 5111 $
1673 778 5113 $
1674 779 5114 $
1675 780 5115 $
1676 781 5116 $
1677 782 5117 $
1678 783 5118 $
1679 784 4419 $
1680 785 5120 $
1681 786 3869 $
1682 787 5124 $
1683 791 4379 $
1684 848 4240 $
1685 878 4385 $
1686 902 1457 $
1687 917 4221 $
1688 918 5251 $
1689 919 5250 $
1690 931 4215 $
1691 950 3372 $
1692 981 5218 $
1693 982 4390 $
1694 983 5826 $
1695 991 5787 $
1696 1119 2649 $
1697 1139 3416 $
1698 1162 2383 $
1699 1170 5372 $
1700 1171 4498 $
1701 1173 4886 $
1702 1211 4800 $
1703 1301 5832 $
1704 1303 4710 $
1705 1314 4497 $
1706 1383 5866 $
1707 1435 5781 $
1708 1438 2504 $
1709 1454 4450 $
1710 1458 2396 $
1711 1477 5833 $
1712 1484 4716 $
1713 1487 4984 $
1714 1489 4987 $
1715 1522 4565 $
1716 1524 4979 $
1717 1542 3207 $
1718 1553 3170 $
1719 1610 4789 $
1720 1611 4788 $
1721 1629 5794 $
1722 1672 3608 $
1723 1673 2892 $
1724 1677 4549 $
1725 1715 3413 $
1726 1742 1794 $
1727 1745 5873 $
1728 1748 5097 $
1729 1749 5099 $
1730 1750 5100 $
1731 1751 5102 $
1732 1752 5103 $
1733 1755 5112 $
1734 1756 5119 $
1735 1757 5121 $
1736 1758 5122 $
1737 1784 4025 $
1738 1787 4083 $
1739 1800 4073 $
1740 1806 3159 $
1741 1847 3108 $
1742 1904 3326 $
1743 1931 3863 $
1744 1933 3866 $
1745 1935 3868 $
1746 1937 5389 $
1747 1940 5542 $
1748 1943 3876 $
1749 1944 3877 $
1750 1946 3879 $
1751 1958 4257 $
1752 1995 3927 $
1753 1996 3928 $
1754 1997 3929 $
1755 2087 4059 $
1756 2153 5646 $
1757 2280 5296 $
1758 2361 3183 $
1759 2362 3184 $
1760 2370 5709 $
1761 2372 4424 $
1762 2373 4425 $
1763 2402 4465 $
1764 2418 3874 $
1765 2420 4500 $
1766 2421 4501 $
1767 2422 4911 $
1768 2481 4489 $
1769 2498 4246 $
1770 2528 5659 $
1771 2547 4631 $
1772 2570 5864 $
1773 2598 4689 $
1774 2633 5143 $
1775 2635 4799 $
1776 2658 5831 $
1777 2707 4964 $
1778 2709 4826 $
1779 2715 4831 $
1780 2716 4314 $
1781 2719 5584 $
1782 2842 5715 $
1783 2843 5714 $
1784 2844 5708 $
1785 2846 5707 $
1786 2866 4109 $
1787 2873 5394 $
1788 2874 5393 $
1789 2875 5392 $
1790 2876 5388 $
1791 2877 5387 $
1792 2891 5059 $
1793 2900 4888 $
1794 2901 4889 $
1795 2902 5551 $
1796 2903 4502 $
1797 2904 4890 $
1798 2905 4912 $
1799 2906 4891 $
1800 2907 4892 $
1801 2908 4893 $
1802 2909 4913 $
1803 2910 4894 $
1804 2911 4914 $
1805 2912 4895 $
1806 2914 4896 $
1807 2919 4897 $
1808 2920 4898 $
1809 2950 3744 $
1810 3013 5634 $
1811 3033 4790 $
1812 3038 5298 $
1813 3041 5295 $
1814 3042 5294 $
1815 3043 5293 $
1816 3044 3890 $
1817 3045 4936 $
1818 3046 4937 $
1819 3047 4938 $
1820 3050 4941 $
1821 3051 4943 $
1822 3052 4944 $
1823 3053 4945 $
1824 3054 4946 $
1825 3055 4947 $
1826 3056 4948 $
1827 3057 4949 $
1828 3058 4950 $
1829 3059 4951 $
1830 3060 4952 $
1831 3061 5286 $
1832 3063 4504 $
1833 3111 3636 $
1834 3112 5283 $
1835 3113 5284 $
1836 3114 5285 $
1837 3116 5289 $
1838 3117 5290 $
1839 3118 5371 $
1840 3120 5539 $
1841 3138 5391 $
1842 3143 5390 $
1843 3333 5452 $
1844 3399 5171 $
1845 3419 5014 $
1846 3459 5703 $
1847 3475 5689 $
1848 3482 4722 $
1849 3513 4688 $
1850 3514 5803 $
1851 3527 5647 $
1852 3566 5613 $
1853 3569 5610 $
1854 3613 5576 $
1855 3616 5573 $
1856 3639 4503 $
1857 3641 5541 $
1858 3642 5540 $
1859 3677 5386 $
1860 3728 5297 $
1861 3731 5292 $
1862 3732 4942 $
1863 3733 5291 $
1864 3734 5288 $
1865 3735 5282 $
1866 3736 4953 $
1867 3737 5281 $
1868 3757 5761 $
1869 3783 4667 $
1870 3784 5836 $
1871 3789 5840 $
1872 3798 5842 $
1873 3803 5705 $
1874 3810 5881 $
1875 3823 5612 $
1876 3838 5757 $
1877 3846 5882 $
1878 3854 5893 $
1879 5108 5373 $
1880 5230 5527 $
1881 1 $
1882 11 $
1883 13 $
1884 30 $
1885 264 $
1886 399 $
1887 647 $
1888 667 $
1889 668 $
1890 690 $
1891 771 $
1892 776 $
1893 777 $
1894 790 $
1895 933 $
1896 934 $
1897 936 $
1898 939 $
1899 1037 $
1900 1152 $
1901 1153 $
1902 1154 $
1903 1155 $
1904 1157 $
1905 1160 $
1906 1163 $
1907 1165 $
1908 1167 $
1909 1169 $
1910 1252 $
1911 1302 $
1912 1305 $
1913 1308 $
1914 1310 $
1915 1330 $
1916 1331 $
1917 1332 $
1918 1333 $
1919 1352 $
1920 1525 $
1921 1527 $
1922 1528 $
1923 1612 $
1924 1613 $
1925 1705 $
1926 1724 $
1927 1725 $
1928 1741 $
1929 1747 $
1930 1765 $
1931 1771 $
1932 1782 $
1933 1785 $
1934 1797 $
1935 1798 $
1936 1799 $
1937 1803 $
1938 1805 $
1939 1822 $
1940 1823 $
1941 1824 $
1942 1826 $
1943 1827 $
1944 1828 $
1945 1829 $
1946 1832 $
1947 1833 $
1948 1854 $
1949 1855 $
1950 1859 $
1951 1869 $
1952 1872 $
1953 1875 $
1954 1880 $
1955 1881 $
1956 1882 $
1957 1883 $
1958 1890 $
1959 1905 $
1960 1912 $
1961 1913 $
1962 1925 $
1963 1926 $
1964 1959 $
1965 1961 $
1966 1992 $
1967 1993 $
1968 2232 $
1969 2363 $
1970 2365 $
1971 2368 $
1972 2490 $
1973 2510 $
1974 2524 $
1975 2708 $
1976 2714 $
1977 2722 $
1978 2747 $
1979 2792 $
1980 2859 $
1981 2889 $
1982 3034 $
1983 3035 $
1984 3036 $
1985 3039 $
1986 3040 $
1987 3062 $
1988 3105 $
1989 3106 $
1990 3107 $
1991 3123 $
1992 3145 $
1993 3161 $
1994 3185 $
1995 3186 $
1996 3198 $
1997 3199 $
1998 3232 $
1999 3437 $
2000 3456 $
2001 3486 $
2002 3577 $
2003 3580 $
2004 3592 $
2005 3593 $
2006 3626 $
2007 3650 $
2008 3679 $
2009 3680 $
2010 3729 $
2011 3730 $
2012 3768 $
2013 3790 $
2014 3794 $
2015 3816 $
2016 3831 $
2017 3844 $
2018 3845 $
2019 3848 $
2020 3850 $
2021 3860 $
2022 4024 $
2023 4487 $
2024 4499 $
2025 4506 $
2026 4563 $
2027 4573 $
2028 4613 $
2029 4669 $
2030 4703 $
2031 4708 $
2032 4709 $
2033 4713 $
2034 4740 $
2035 4832 $
2036 4860 $
2037 4861 $
2038 4862 $
2039 4863 $
2040 4926 $
2041 4927 $
2042 4960 $
2043 4963 $
2044 4966 $
2045 4982 $
2046 5011 $
2047 5058 $
2048 5084 $
2049 5085 $
2050 5089 $
2051 5091 $
2052 5093 $
2053 5095 $
2054 5107 $
2055 5109 $
2056 5198 $
2057 5299 $
2058 5300 $
2059 5302 $
2060 5375 $
2061 5376 $
2062 5381 $
2063 5384 $
2064 5398 $
2065 5451 $
2066 5555 $
2067 5582 $
2068 5583 $
2069 5588 $
2070 5675 $
2071 5704 $
2072 5739 $
2073 5755 $
2074 5783 $
2075 5791 $
2076 5815 $
2077 5817 $
2078 5825 $
2079 5845 $
2080 5846 $
2081 5860 $
2082 5874 $
2083 5879 $
2084 5887 $
2085 5894 $
2086 5899 $
)
